107062176
107071016
107072242
108012040
108062240
109006201
109006228
109006230
109006236
109006238
109006267
109030037
109030039
109060032
109062121
109062220
109062234
109062272
109071018
110000110
110000167
110000205
110000212
110000213
110000221
110000222
110000224
110000229
110006202
110006210
110006211
110006213
110006214
110006217
110006219
110006221
110006223
110006224
110006229
110006232
110006265
110006267
110010012
110010019
110012043
110060005
110060012
110062102
110062104
110062110
110062112
110062113
110062117
110062118
110062119
110062122
110062123
110062126
110062130
110062135
110062138
110062161
110062163
110062201
110062205
110062206
110062213
110062215
110062216
110062219
110062221
110062222
110062223
110062224
110062227
110062229
110062237
110062240
110062244
110062261
110062262
110062301
110062302
110062303
110062306
110062307
110062308
110062309
110062310
110062313
110062314
110062323
110062326
110062331
110062335
110062337
110062339
110062342
110062343
110062361
110004502
Test